 -1.0575358417155834e+002	
 -1.0700057826022829e+002	
 -1.0719740584643520e+002	
 -1.0642406594495736e+002	
 -1.0556056742278987e+002	
 -1.0502722949175539e+002	
 -1.0482858811244506e+002	
 -1.0475354279224801e+002	
 -1.0474151323559776e+002	
 -1.0441135165924308e+002	
 -1.0296626003362732e+002	
 -1.0070973491047461e+002	
 -9.9147817669095289e+001	
 -9.8224635403085443e+001	
 -9.7183357570573122e+001	
 -9.5956680723282489e+001	
 -9.3658733925252946e+001	
 -9.1393369393233215e+001	
 -8.9457581215893327e+001	
 -8.7595979245449968e+001	
 -8.5334374319341592e+001	
 -8.2943245255302188e+001	
 -8.0274017669095301e+001	
 -7.7941301412937662e+001	
 -7.5343185156780038e+001	
 -7.2519036388307129e+001	
 -6.9622506339046041e+001	
 -6.6936771363676584e+001	
 -6.3873890575499232e+001	
 -6.0452912250376080e+001	
 -5.7094155600129774e+001	
 -5.3952544762691353e+001	
 -5.0974744762691351e+001	
 -4.7923292545942587e+001	
 -4.4325804861213520e+001	
 -4.0122597964661793e+001	
 -3.5900343777469679e+001	
 -3.1697137866139627e+001	
 -2.7819013728208592e+001	
 -2.4207557570573123e+001	
 -2.0734515206041106e+001	
 -1.7175124073036173e+001	
 -1.3368111265154404e+001	
 -8.8195053538243524e+000	
 -3.8785152060411026e+000	
  5.1672971298803105e-002	
  2.9539468629244183e+000	
  5.5056158284416554e+000	
  9.1031695230229417e+000	
  1.3993365582136235e+001	
  1.9316580360461369e+001	
  2.3540104498392395e+001	
  2.6615683808737224e+001	
  2.9568086764402253e+001	
  3.3077954744697820e+001	
  3.7636720261939196e+001	
  4.2623425680658414e+001	
  4.6683138981151025e+001	
  4.9710464104303732e+001	
  5.2438104498392406e+001	
  5.5556859178195353e+001	
  5.9598795138786485e+001	
  6.3841368537801259e+001	
  6.7254729128934272e+001	
  6.9817288734845604e+001	
  7.2424293660953978e+001	
  7.5649897601840678e+001	
  7.8689138981151018e+001	
  8.1526589227456427e+001	
  8.3972323217604242e+001	
  8.6103134055042645e+001	
  8.8452359670806203e+001	
  9.0755870015633789e+001	
  9.2840966567357910e+001	
  9.4447329128934271e+001	
  9.6254328143712598e+001	
  9.8328237503318505e+001	
  9.9639017798885021e+001	
  1.0018451927671754e+002	
  1.0135278331612641e+002	
  1.0305692420282591e+002	
  1.0399407494174217e+002	
  1.0391661385799831e+002	
  1.0433947494174215e+002	
  1.0505567100085547e+002	
  1.0510900499100326e+002	
  1.0476578233090471e+002	
  1.0514349169051063e+002	
  1.0521948183829389e+002	
  1.0482074883336777e+002	
  1.0370962765110175e+002	
  1.0233183848854020e+002	
  1.0159405523730867e+002	
  1.0155595967080619e+002	
  1.0052737937523970e+002	
  9.8664506468835768e+001	
  9.6477821739771699e+001	
  9.4602251296421969e+001	
  9.3327320261939192e+001	
  9.2020642429426886e+001	
  8.9601575434352995e+001	
  8.6458692675732308e+001	
  8.3825019769328364e+001	
  8.1849131099377615e+001	
  7.9929115335830829e+001	
  7.7423698587062361e+001	
  7.4130913365387471e+001	
  7.0686402035338219e+001	
  6.7362666074747082e+001	
  6.4152481838293880e+001	
  6.1111188242234768e+001	
  5.7815924202825897e+001	
  5.4266690705288958e+001	
  5.0462215828441671e+001	
  4.6877426665880080e+001	
  4.3337081838293884e+001	
  3.9795467059968757e+001	
  3.6168772478687970e+001	
  3.2633507454057423e+001	
  2.8900145877702744e+001	
  2.5013132084599299e+001	
  2.0919132084599294e+001	
  1.6428938981151017e+001	
  1.2332400064894859e+001	
  8.9114227249933862e+000	
  5.8180650895254047e+000	
  2.7120099171116072e+000	
 -1.2232570779622836e+000	
 -5.8696413144154835e+000	
 -1.0494438358750461e+001	
 -1.4423356585351444e+001	
 -1.7634809787321892e+001	
 -2.0739595008996769e+001	
 -2.4466606831656865e+001	
 -2.9040609787321891e+001	
 -3.3567628506533715e+001	
 -3.7911788112445045e+001	
 -4.1712452151853917e+001	
 -4.4654696486829287e+001	
 -4.6903601905548491e+001	
 -4.9553781215893324e+001	
 -5.3171586142001694e+001	
 -5.7425587127223373e+001	
 -6.1285933925252927e+001	
 -6.4168496486829284e+001	
 -6.6398354614908101e+001	
 -6.8681546733134695e+001	
 -7.1734268900622396e+001	
 -7.5029531954809585e+001	
 -7.8214319146927807e+001	
 -8.0651163481903183e+001	
 -8.2564829491755390e+001	
 -8.4147063974514012e+001	
 -8.6375653137075588e+001	
 -8.9029641314415500e+001	
 -9.1985856092740619e+001	
 -9.4012537866139624e+001	
 -9.5130007816878532e+001	
 -9.6257635403085430e+001	
 -9.7349707324267712e+001	
 -9.8840513235597754e+001	
 -1.0103354673313471e+002	
 -1.0301324525530218e+002	
 -1.0361896446712487e+002	
 -1.0355039205333175e+002	
 -1.0401007875283914e+002	
 -1.0506024525530219e+002	
