 -1.0475726467065869e+002	
 -1.0458323067065868e+002	
 -1.0426028167065869e+002	
 -1.0378887467065869e+002	
 -1.0316967967065868e+002	
 -1.0240357767065868e+002	
 -1.0149165667065868e+002	
 -1.0043521267065869e+002	
 -9.9235746670658685e+001	
 -9.7894963670658683e+001	
 -9.6414768670658674e+001	
 -9.4797265670658675e+001	
 -9.3044751670658684e+001	
 -9.1159718670658677e+001	
 -8.9144845670658682e+001	
 -8.7002993670658682e+001	
 -8.4737208670658674e+001	
 -8.2350709670658674e+001	
 -7.9846888670658686e+001	
 -7.7229301670658685e+001	
 -7.4501670670658683e+001	
 -7.1667870670658687e+001	
 -6.8731928670658675e+001	
 -6.5698017670658686e+001	
 -6.2570447670658673e+001	
 -5.9353664670658674e+001	
 -5.6052237670658670e+001	
 -5.2670860670658676e+001	
 -4.9214337670658672e+001	
 -4.5687579670658671e+001	
 -4.2095600670658676e+001	
 -3.8443502670658674e+001	
 -3.4736476670658675e+001	
 -3.0979790670658677e+001	
 -2.7178782670658677e+001	
 -2.3338854670658677e+001	
 -1.9465462670658678e+001	
 -1.5564111670658676e+001	
 -1.1640344670658674e+001	
 -7.6997396706586754e+000	
 -3.7478936706586756e+000	
  2.0957532934132456e-001	
  4.1670443293413246e+000	
  8.1188903293413244e+000	
  1.2059495329341324e+001	
  1.5983262329341326e+001	
  1.9884613329341324e+001	
  2.3758005329341323e+001	
  2.7597933329341323e+001	
  3.1398941329341323e+001	
  3.5155627329341328e+001	
  3.8862653329341327e+001	
  4.2514751329341330e+001	
  4.6106730329341325e+001	
  4.9633488329341326e+001	
  5.3090011329341330e+001	
  5.6471388329341323e+001	
  5.9772815329341327e+001	
  6.2989598329341327e+001	
  6.6117168329341325e+001	
  6.9151079329341314e+001	
  7.2087021329341326e+001	
  7.4920821329341322e+001	
  7.7648452329341325e+001	
  8.0266039329341325e+001	
  8.2769860329341313e+001	
  8.5156359329341313e+001	
  8.7422144329341322e+001	
  8.9563996329341322e+001	
  9.1578869329341316e+001	
  9.3463902329341323e+001	
  9.5216416329341314e+001	
  9.6833919329341313e+001	
  9.8314114329341322e+001	
  9.9654897329341324e+001	
  1.0085436332934133e+002	
  1.0191080732934132e+002	
  1.0282272832934132e+002	
  1.0358883032934132e+002	
  1.0420802532934133e+002	
  1.0467943232934132e+002	
  1.0500238132934132e+002	
  1.0517641532934132e+002	
  1.0520128532934132e+002	
  1.0507695532934132e+002	
  1.0480360432934133e+002	
  1.0438161932934132e+002	
  1.0381159932934132e+002	
  1.0309435632934132e+002	
  1.0223090732934132e+002	
  1.0122248132934132e+002	
  1.0007050932934132e+002	
  9.8776630329341316e+001	
  9.7342682329341315e+001	
  9.5770702329341319e+001	
  9.4062925329341326e+001	
  9.2221776329341324e+001	
  9.0249874329341324e+001	
  8.8150019329341319e+001	
  8.5925196329341318e+001	
  8.3578567329341325e+001	
  8.1113465329341324e+001	
  7.8533395329341317e+001	
  7.5842023329341316e+001	
  7.3043172329341317e+001	
  7.0140821329341321e+001	
  6.7139094329341319e+001	
  6.4042256329341328e+001	
  6.0854709329341325e+001	
  5.7580981329341327e+001	
  5.4225726329341327e+001	
  5.0793711329341328e+001	
  4.7289813329341328e+001	
  4.3719011329341328e+001	
  4.0086380329341324e+001	
  3.6397082329341323e+001	
  3.2656359329341328e+001	
  2.8869528329341325e+001	
  2.5041970329341325e+001	
  2.1179123329341323e+001	
  1.7286477329341324e+001	
  1.3369565329341325e+001	
  9.4339513293413244e+000	
  5.4852283293413251e+000	
  1.5290093293413245e+000	
 -2.4290846706586753e+000	
 -6.3834296706586748e+000	
 -1.0328404670658674e+001	
 -1.4258405670658675e+001	
 -1.8167845670658675e+001	
 -2.2051171670658675e+001	
 -2.5902862670658678e+001	
 -2.9717447670658675e+001	
 -3.3489503670658671e+001	
 -3.7213671670658677e+001	
 -4.0884659670658671e+001	
 -4.4497250670658673e+001	
 -4.8046309670658673e+001	
 -5.1526795670658672e+001	
 -5.4933760670658671e+001	
 -5.8262364670658670e+001	
 -6.1507875670658670e+001	
 -6.4665683670658680e+001	
 -6.7731300670658683e+001	
 -7.0700369670658674e+001	
 -7.3568671670658674e+001	
 -7.6332130670658685e+001	
 -7.8986819670658676e+001	
 -8.1528966670658676e+001	
 -8.3954957670658686e+001	
 -8.6261347670658679e+001	
 -8.8444856670658680e+001	
 -9.0502383670658674e+001	
 -9.2431003670658683e+001	
 -9.4227975670658680e+001	
 -9.5890747670658683e+001	
 -9.7416955670658680e+001	
 -9.8804430670658675e+001	
 -1.0005120167065868e+002	
 -1.0115549667065868e+002	
 -1.0211574667065868e+002	
 -1.0293058567065869e+002	
 -1.0359885767065867e+002	
 -1.0411961267065868e+002	
 -1.0449210967065868e+002	
 -1.0471581967065868e+002	
 -1.0479042467065868e+002	
