  5.0126300000000001e-001	
  5.0789300000000004e-001	
  5.2019599999999999e-001	
  5.3815400000000002e-001	
  5.6174299999999999e-001	
  5.9092800000000001e-001	
  6.2566699999999997e-001	
  6.6591299999999998e-001	
  7.1160699999999999e-001	
  7.6268400000000003e-001	
  8.1907300000000005e-001	
  8.8069200000000003e-001	
  9.4745400000000002e-001	
  1.0192650000000001e+000	
  1.0960220000000001e+000	
  1.1776160000000000e+000	
  1.2639320000000001e+000	
  1.3548460000000000e+000	
  1.4502299999999999e+000	
  1.5499480000000001e+000	
  1.6538569999999999e+000	
  1.7618119999999999e+000	
  1.8736569999999999e+000	
  1.9892350000000001e+000	
  2.1083799999999999e+000	
  2.2309239999999999e+000	
  2.3566929999999999e+000	
  2.4855070000000001e+000	
  2.6171840000000000e+000	
  2.7515369999999999e+000	
  2.8883740000000002e+000	
  3.0275020000000001e+000	
  3.1687219999999998e+000	
  3.3118340000000002e+000	
  3.4566340000000002e+000	
  3.6029170000000001e+000	
  3.7504749999999998e+000	
  3.8990980000000000e+000	
  4.0485740000000003e+000	
  4.1986929999999996e+000	
  4.3492389999999999e+000	
  4.5000000000000000e+000	
  4.6507610000000001e+000	
  4.8013070000000004e+000	
  4.9514259999999997e+000	
  5.1009019999999996e+000	
  5.2495250000000002e+000	
  5.3970830000000003e+000	
  5.5433659999999998e+000	
  5.6881659999999998e+000	
  5.8312780000000002e+000	
  5.9724979999999999e+000	
  6.1116260000000002e+000	
  6.2484630000000001e+000	
  6.3828160000000000e+000	
  6.5144929999999999e+000	
  6.6433070000000001e+000	
  6.7690760000000001e+000	
  6.8916199999999996e+000	
  7.0107650000000001e+000	
  7.1263430000000003e+000	
  7.2381880000000001e+000	
  7.3461429999999996e+000	
  7.4500520000000003e+000	
  7.5497699999999996e+000	
  7.6451539999999998e+000	
  7.7360680000000004e+000	
  7.8223839999999996e+000	
  7.9039780000000004e+000	
  7.9807350000000001e+000	
  8.0525459999999995e+000	
  8.1193080000000002e+000	
  8.1809270000000005e+000	
  8.2373159999999999e+000	
  8.2883929999999992e+000	
  8.3340870000000002e+000	
  8.3743330000000000e+000	
  8.4090720000000001e+000	
  8.4382570000000001e+000	
  8.4618459999999995e+000	
  8.4798039999999997e+000	
  8.4921070000000007e+000	
