  8.4845340000000000e+000	
  8.4684589999999993e+000	
  8.4467440000000007e+000	
  8.4194200000000006e+000	
  8.3865269999999992e+000	
  8.3481109999999994e+000	
  8.3042259999999999e+000	
  8.2549349999999997e+000	
  8.2003090000000007e+000	
  8.1404239999999994e+000	
  8.0753660000000007e+000	
  8.0052269999999996e+000	
  7.9301069999999996e+000	
  7.8501120000000002e+000	
  7.7653569999999998e+000	
  7.6759620000000002e+000	
  7.5820530000000002e+000	
  7.4837650000000000e+000	
  7.3812360000000004e+000	
  7.2746130000000004e+000	
  7.1640470000000001e+000	
  7.0496960000000000e+000	
  6.9317209999999996e+000	
  6.8102910000000003e+000	
  6.6855770000000003e+000	
  6.5577579999999998e+000	
  6.4270149999999999e+000	
  6.2935330000000000e+000	
  6.1575020000000000e+000	
  6.0191160000000004e+000	
  5.8785720000000001e+000	
  5.7360680000000004e+000	
  5.5918080000000003e+000	
  5.4459960000000001e+000	
  5.2988400000000002e+000	
  5.1505489999999998e+000	
  5.0013329999999998e+000	
  4.8514049999999997e+000	
  4.7009770000000000e+000	
  4.5502640000000003e+000	
  4.3994799999999996e+000	
  4.2488380000000001e+000	
  4.0985529999999999e+000	
  3.9488390000000000e+000	
  3.7999079999999998e+000	
  3.6519720000000002e+000	
  3.5052400000000001e+000	
  3.3599230000000002e+000	
  3.2162259999999998e+000	
  3.0743520000000002e+000	
  2.9345050000000001e+000	
  2.7968829999999998e+000	
  2.6616810000000002e+000	
  2.5290910000000002e+000	
  2.3993009999999999e+000	
  2.2724980000000001e+000	
  2.1488589999999999e+000	
  2.0285620000000000e+000	
  1.9117759999999999e+000	
  1.7986690000000001e+000	
  1.6894000000000000e+000	
  1.5841250000000000e+000	
  1.4829939999999999e+000	
  1.3861509999999999e+000	
  1.2937320000000001e+000	
  1.2058700000000000e+000	
  1.1226879999999999e+000	
  1.0443060000000000e+000	
  9.7083500000000000e-001	
  9.0237900000000004e-001	
  8.3903499999999998e-001	
  7.8089399999999998e-001	
  7.2803799999999996e-001	
  6.8054199999999998e-001	
  6.3847299999999996e-001	
  6.0189300000000001e-001	
  5.7085100000000000e-001	
  5.4539300000000002e-001	
  5.2555499999999999e-001	
  5.1136400000000004e-001	
  5.0284200000000001e-001	
  5.0000000000000000e-001	
