 -1.1382732915568867e+002	
 -1.1381444015568867e+002	
 -1.1304883515568868e+002	
 -1.1249203015568867e+002	
 -1.1249589715568867e+002	
 -1.1265056515568867e+002	
 -1.1232447415568868e+002	
 -1.1130882115568868e+002	
 -1.1017459015568868e+002	
 -1.0938707315568867e+002	
 -1.0803888515568867e+002	
 -1.0629887215568867e+002	
 -1.0460268115568867e+002	
 -1.0254173215568868e+002	
 -1.0080042915568868e+002	
 -9.8644102155688671e+001	
 -9.6473596155688668e+001	
 -9.3924154155688669e+001	
 -9.1359245155688669e+001	
 -8.8744069155688678e+001	
 -8.6345428155688680e+001	
 -8.3633585155688678e+001	
 -8.0118757155688670e+001	
 -7.6057436155688677e+001	
 -7.2246162155688680e+001	
 -6.9013603155688671e+001	
 -6.5786199155688678e+001	
 -6.2164392155688660e+001	
 -5.8414984155688671e+001	
 -5.4451618155688664e+001	
 -5.0588787155688664e+001	
 -4.6669244155688688e+001	
 -4.2636277155688674e+001	
 -3.8424153155688686e+001	
 -3.4481409155688681e+001	
 -3.0576042155688668e+001	
 -2.6760899155688662e+001	
 -2.2604197155688666e+001	
 -1.8290248155688687e+001	
 -1.3795854155688687e+001	
 -9.2756811556886873e+000	
 -5.6822271556886790e+000	
 -2.2537521556886873e+000	
  1.7160618443113265e+000	
  6.1872578443113184e+000	
  1.0579830844311317e+001	
  1.4617956844311323e+001	
  1.8255234844311332e+001	
  2.1718511844311337e+001	
  2.5612281844311326e+001	
  2.9743210844311335e+001	
  3.3580269844311317e+001	
  3.7307772844311330e+001	
  4.0564826844311312e+001	
  4.3792235844311335e+001	
  4.6473151844311332e+001	
  4.9688961844311336e+001	
  5.3516999844311329e+001	
  5.7227748844311321e+001	
  6.0303069844311324e+001	
  6.2692693844311322e+001	
  6.5038495844311342e+001	
  6.7890836844311309e+001	
  7.1009980844311315e+001	
  7.3971878844311334e+001	
  7.6293192844311307e+001	
  7.8315481844311307e+001	
  8.0496304844311339e+001	
  8.2697750844311315e+001	
  8.5028087844311301e+001	
  8.6808062844311337e+001	
  8.8517148844311350e+001	
  8.9815073844311314e+001	
  9.1384957844311316e+001	
  9.3587693844311332e+001	
  9.5401180844311341e+001	
  9.6308568844311310e+001	
  9.6433592844311306e+001	
  9.6772573844311353e+001	
  9.8497126844311310e+001	
  1.0076688584431133e+002	
  1.0172711984431135e+002	
