  1.0135204884431130e+002	
  1.0209574584431135e+002	
  1.0182120884431134e+002	
  1.0123218084431130e+002	
  1.0097053284431132e+002	
  1.0038923784431131e+002	
  9.9819541844311345e+001	
  9.8869619844311330e+001	
  9.8320546844311309e+001	
  9.8031832844311339e+001	
  9.6927242844311309e+001	
  9.5156288844311348e+001	
  9.3217778844311340e+001	
  9.2289767844311314e+001	
  9.1468736844311309e+001	
  8.9755784844311336e+001	
  8.7578826844311322e+001	
  8.5359335844311317e+001	
  8.3200422844311333e+001	
  8.1493915844311346e+001	
  7.9684295844311350e+001	
  7.7459649844311343e+001	
  7.4702686844311302e+001	
  7.1521675844311346e+001	
  6.8729912844311343e+001	
  6.6710202844311311e+001	
  6.4519068844311334e+001	
  6.1716994844311330e+001	
  5.8221492844311314e+001	
  5.4089272844311324e+001	
  5.0731682844311337e+001	
  4.8046900844311324e+001	
  4.5886700844311321e+001	
  4.2968627844311328e+001	
  3.8998810844311322e+001	
  3.4513433844311322e+001	
  3.0272948844311315e+001	
  2.6952739844311338e+001	
  2.3965066844311337e+001	
  2.0568812844311338e+001	
  1.6149170844311328e+001	
  1.1416327844311326e+001	
  7.2415778443113368e+000	
  3.7795908443113149e+000	
  2.9440384431131861e-001	
 -3.6290091556886637e+000	
 -7.9262021556886850e+000	
 -1.2777623155688673e+001	
 -1.7505308155688681e+001	
 -2.1722589155688667e+001	
 -2.5140752155688688e+001	
 -2.8409402155688667e+001	
 -3.2133033155688679e+001	
 -3.6627427155688679e+001	
 -4.1511068155688662e+001	
 -4.5979682155688664e+001	
 -4.9504822155688686e+001	
 -5.2443513155688663e+001	
 -5.5959631155688669e+001	
 -6.0245221155688682e+001	
 -6.4792458155688678e+001	
 -6.8941424155688679e+001	
 -7.2247111155688671e+001	
 -7.4964266155688676e+001	
 -7.7543808155688680e+001	
 -8.0466760155688675e+001	
 -8.3957098155688669e+001	
 -8.7706506155688672e+001	
 -9.0670973155688671e+001	
 -9.3005169155688677e+001	
 -9.4898009155688669e+001	
 -9.7320403155688680e+001	
 -9.9548705155688680e+001	
 -1.0182768215568868e+002	
 -1.0385769715568867e+002	
 -1.0513031515568868e+002	
 -1.0667780815568868e+002	
 -1.0819870915568868e+002	
 -1.0903778215568867e+002	
 -1.1008050115568868e+002	
 -1.1152725915568867e+002	
 -1.1270212115568867e+002	
